1422656082 2769596
1422661950 2769719
1422671340 2769734
1422828388 2769736
1422903412 2769738
1422915037 2769741
1422915940 2769770
1422915992 2769784
1422918308 2769784
1422919179 2769787
1422920831 2769787
1422924444 2769812
1422924593 2769762
1422944303 2769807
1422948595 2769849
1422968432 2769849
1422986635 2769849
1422990207 2769849
1422990923 2769849
1422990934 2769838
1422990938 2769840
1423000462 2769841
1423000725 2769841
1423004438 2770008
1423005543 2770041
1423013224 2770256
1423015918 2770256
1423019158 2770255
1423063157 2767213
1423063204 2767221
1423066062 2767221
1423066202 2767221
1423070602 2767221
1423070986 2767221
1423076054 2767221
1423076979 2767221
1423084709 2767224
1423097932 2767235
1423122256 2767235
1423152342 2767235
1423164607 2767242
1423174174 2767247
1423181334 2767226
1423183091 2767239
1423197743 2767340
1423228967 2767346
1423236464 2767346
1423244989 2766303
1423258677 2766303
1423262576 2766566
1423264487 2766572
1423280945 2766360
1423303398 2766360
1423304087 2766364
1423304971 2766366
1423328284 2766366
1423329306 2766366
1423329345 2766348
1423353627 2766348
1423359326 2766352
1423376355 2766352
1423405784 2766329
1423422149 2766329
1423422372 2766322
1423464165 2766392
1423466112 2766499
1423494296 2766856
1423501239 2766865
1423504028 2766870
1423508169 2766870
1423525137 2766870
1423525530 2766923
1423546230 2766943
1423589223 2766947
1423594059 2766993
1423611165 2766993
1423614702 2766999
1423614761 2766999
1423625506 2767031
1423630610 2767032
1423637051 2767040
1423637098 2767035
1423638877 2767035
1423684384 2767035
1423688515 2767035
1423699234 2767035
1423700519 2767037
1423704021 2767037
1423705646 2767039
1423709179 2767156
1423709572 2767188
1423723228 2767202
1423723706 2767286
1423723755 2768486
1423724378 2768487
1423724714 2768490
1423734726 2768490
1423750548 2768489
1423750983 2768489
1423751088 2768491
1423751455 2768406
1423753576 2768430
1423753977 2768430
1423756224 2768430
1423760160 2768438
1423761123 2768443
1423762438 2768443
1423763119 2768443
1423763475 2768507
1423769426 2768534
1423769750 2768533
1423772951 2768535
1423773681 2768541
1423786438 2768536
1423786598 2768736
1423788618 2768736
1423792878 2768744
1423805609 2768732
1423806733 2762408
1423821218 2762418
1423841498 2762922
1423853168 2762923
1423853217 2762934
1423853273 2762934
1423855640 2762934
1423862567 2762961
1423867519 2763006
1423875723 2763007
1423882948 2759905
1423883376 2759818
1423897891 2759816
1423899317 2759816
1423983454 2759823
1424064476 2759823
1424105505 2759823
1424112127 2759542
1424119815 2759860
1424193495 2759806
1424233089 2759805
1424237668 2759799
1424308114 2759892
1424317100 2759841
1424395679 2759874
1424401926 2759874
1424443596 2759843
1424451845 2759844
1424471454 2759856
1424473506 2758509
1424479287 2758509
1424481644 2758510
1424534207 2758562
1424564803 2758576
1424566272 2758584
1424712770 2758585
1424729755 2758585
1424733650 2758591
1424740797 2758588
1424796348 2758589
1424797273 2758619
1424805463 2760169
1424805661 2760169
1424811227 2760170
1424830193 2760171
1424894609 2760171
1424907771 2760178
1424907841 2760872
1424910354 2760874
1424912695 2761857
1424922088 2762047
1424924599 2762042
1424972501 2762049
1424975334 2762047
1424975392 2761880
1424977478 2761888
1424977537 2761924
1425017503 2762456
1425019167 2762458
1425020977 2762458
1425071035 2762458
1425228619 2762456
1425317391 2762464
1425318511 2762777
1425318538 2762777
1425323402 2762764
1425323416 2762771
1425341684 2762768
1425341816 2762787
1425356985 2762789
1425362589 2762791
1425366805 2762801
1425372412 2762704
1425405967 2762704
1425410099 2762704
1425419346 2762702
1425420241 2762786
1425421789 2762836
1425431855 2763169
1425444314 2763169
1425471977 2763177
1425471990 2763178
1425484651 2763177
1425508654 2763177
1425510125 2763178
1425519799 2763178
1425578395 2763178
1425581019 2763177
1425582433 2746286
1425602874 2746286
1425606694 2746286
1425653324 2746286
1425690518 2746286
1425894114 2746285
1425914069 2746799
1425928930 2746799
1425943025 2746799
1425947212 2747220
1426004200 2747222
1426007115 2747222
1426012494 2747228
1426021626 2748473
1426052131 2748512
1426066211 2748525
1426109332 2748538
1426111487 2748513
1426183647 2748513
1426189776 2748531
1426192889 2748564
1426193345 2748747
1426266785 2748772
1426280235 2748776
1426291420 2749213
1426391120 2749551
1426451418 2749551
1426451523 2749556
1426474248 2749556
1426499191 2749583
1426499666 2749582
1426513018 2749600
1426518810 2749592
1426542846 2749608
1426545612 2749620
1426546489 2749686
1426547895 2749598
1426552454 2749637
1426594974 2749646
1426606017 2749639
1426607980 2749501
1426613762 2749518
1426615287 2749596
1426632318 2750395
1426639562 2750395
1426649712 2750414
1426649867 2750414
1426668574 2750426
1426694962 2750453
1426706455 2750451
1426712037 2750452
1426725239 2750458
1426725261 2750467
1426727978 2751015
1426728498 2751016
1426730609 2751017
1426800434 2751092
1426804046 2751383
1426804378 2751383
1426819316 2751386
1426824245 2751780
1426848936 2751810
1426851647 2751810
1426851758 2751812
1426851796 2751819
1426853908 2751820
1426860327 2751814
1426869134 2751836
1426913603 2751836
1426950187 2751837
1426963399 2751835
1427030677 2751835
1427056548 2751837
1427069398 2751837
1427069431 2751840
1427071546 2751824
1427125742 2751720
1427125785 2751726
1427132258 2751816
1427136196 2751819
1427140037 2751880
1427150837 2752009
1427156536 2751942
1427175409 2751945
1427200461 2751968
1427230112 2751970
1427230902 2751970
1427230931 2751970
1427240881 2752027
1427295000 2752034
1427296030 2752038
1427297631 2752301
1427308988 2751423
1427315132 2751406
1427316099 2751406
1427318798 2751407
1427319676 2751417
1427327397 2751428
1427327642 2751429
1427329481 2751467
1427352312 2751528
1427354432 2751528
1427377597 2751530
1427378656 2751551
1427379804 2751556
1427385104 2751564
1427401338 2751570
1427402590 2751576
1427409394 2751580
1427411905 2751594
1427415330 2751593
1427476521 2751593
1427479005 2751593
1427482324 2751882
1427489512 2751981
1427491601 2752036
1427491625 2752036
1427567913 2752036
1427731582 2752036
1427734389 2752086
1427738212 2752152
1427742607 2752169
1427824630 2752170
1427837499 2752179
1427865659 2752232
1427867844 2752273
1427869747 2752284
1427877180 2752290
1427911141 2752290
1427919264 2752125
1427935262 2752125
1427990013 2752125
1427993077 2752131
1428005091 2752131
1428009329 2752132
1428017788 2752216
1428018383 2752219
1428058378 2752222
1428079721 2752222
1428125997 2752226
1428126344 2752242
1428128415 2752345
1428363517 2752356
1428408155 2752369
1428418562 2752369
1428447336 2752407
1428450627 2752412
1428450796 2752412
1428489239 2752397
1428538979 2752403
1428539013 2752413
1428540099 2752476
1428571157 2752448
1428580214 2752689
1428610565 2752701
1428636416 2752701
1428642457 2751036
1428643224 2751055
1428675677 2751064
1428691765 2758959
1428722025 2759264
1428750819 2759265
1428752701 2759882
1428788474 2759883
1428816390 2760046
1428828774 2760046
1428933842 2760076
1428941782 2760099
1428996597 2760099
1428999537 2760103
1429025785 2760096
1429030279 2760094
1429041655 2760098
1429041683 2760098
1429055841 2760108
1429073948 2760108
1429093358 2760107
1429109481 2760107
1429120555 2760823
1429139970 2760823
1429143329 2760823
1429144066 2760675
1429147581 2760678
1429148321 2760677
1429191595 2757037
1429208609 2757057
1429217359 2757077
1429223551 2757077
1429225332 2757090
1429225704 2757083
1429227800 2757109
1429227856 2757111
1429229309 2757117
1429239646 2757123
1429288465 2757119
1429293565 2757130
1429325503 2757349
1429337757 2984531
1429363107 2984491
1429370844 2985964
1429507074 2985243
1429546879 2987111
1429572411 2987986
1429582786 2988662
1429593688 2988663
1429594144 2988662
1429640601 2988667
1429656041 3257269
1429659792 3257269
1429715505 3261225
1429723356 3261342
1429723921 3261622
1429726690 3261651
1429726710 3267358
1429734118 3267593
1429741462 3267593
1429763263 3267649
1429784447 3267671
1429807438 3268885
1429807452 3269512
1429808575 3269506
1429809849 3269509
1429820221 3269565
1429822966 3269690
1429824812 3269703
1429838047 3269708
1429849382 3269709
1429854405 3269815
1429854690 3269826
1429887754 3269838
1429902654 3270041
1429913359 3270049
1429914666 3270050
1429915479 3270050
1429939080 3270157
1429947252 3270157
1429984843 3270091
1429986467 3269997
1430002823 3269998
1430054492 3270000
1430081242 3270004
1430081409 3270038
1430090828 3270051
1430090935 3270051
1430091902 3270051
1430146677 3270070
1430150743 3270070
1430157509 3270070
1430163731 3270070
1430166404 3270078
1430170931 3270118
1430170990 3284315
1430171071 3286425
1430189652 3286425
1430200054 3286436
1430200921 3286436
1430241200 3286436
1430246178 3286456
1430257454 3286433
1430258593 3286433
1430259578 3286433
1430262007 3287024
1430266199 3287123
1430267191 3287100
1430272760 3287080
1430272862 3287080
1430277055 3286647
1430278172 3286482
1430288314 3286669
1430317294 3286677
1430330622 3286849
1430333878 3287092
1430334160 3287094
1430334250 3287095
1430334829 3287100
1430342407 3287332
1430350481 3287341
1430353805 3287341
1430357640 3287340
1430374500 3287340
1430374620 3287340
1430375046 3287336
1430417186 3287338
1430417793 3287331
1430417811 3287347
1430425876 3287351
1430442498 3287425
1430449372 3287426
1430496160 3287428
1430497875 3287428
1430505407 3287432
1430507003 3287432
1430514131 3287438
1430551599 3287434
1430552536 3287435
1430553387 3287447
1430574536 3287468
1430577203 3287533
1430591770 3287536
1430693649 3287551
1430729698 3287508
1430750263 3287507
1430754386 3287507
1430781790 3287510
1430795312 3287513
1430800122 3287516
1430850744 3287519
1430862349 3287559
1430917627 3288394
1430948895 3288394
1430948915 3288396
1430970308 3288396
1430981646 3288413
1430983838 3288413
1431018332 3288433
1431024933 3288449
1431028744 3289489
1431032083 3289488
1431032767 3289488
1431043423 3289545
1431110639 3289615
1431110989 3289617
1431126467 3289617
1431142681 3289620
1431146880 3289739
1431147169 3289739
1431394958 3289751
1431398057 3289752
1431398080 3289760
1431445646 3289767
1431451565 3289768
1431459638 3289771
1431459831 3289771
1431465074 3289775
1431469730 3289781
1431474165 3289781
1431542677 3289779
1431636477 3289779
1431636486 3289792
1431639950 3289792
1431697275 3289794
1431731143 3289794
1431961584 3290105
1431964623 3290117
1431979937 3290117
1431982465 3301536
1432065592 3301660
1432066870 3301667
1432079536 3303670
1432123807 3303731
1432136930 3303732
1432142213 3312669
1432161134 3312764
1432162984 3312765
1432190473 3312830
1432190506 3312830
1432233124 3310035
1432240322 3310050
1432246472 3351355
1432322504 3351335
1432656126 3373164
1432662133 3373169
1432663826 3373248
1432669848 3373266
1432673241 3373267
1432681564 3373267
1432681694 3373271
1432756843 3412462
1432759195 3412550
1432759234 3475994
1432765830 3475998
1432839030 3476001
1432841451 3477495
1432844008 3477533
1432911693 3477538
1432933661 3478138
1432934170 3478139
1432936409 3478274
1432972326 3478275
1432982953 3478284
1433189386 3478272
1433201451 3478410
1433218057 3478474
1433289371 3478475
1433304981 3478864
1433369635 3481969
1433372955 3481969
1433375355 3481981
1433431060 3481961
1433449671 3481961
1433454074 3482098
1433456532 3482098
1433469232 3482098
1433469475 3482099
1433536280 3482099
1433549790 3482111
1433569515 3482194
1433631577 3482211
1433686752 3482213
1433692301 3482239
1433702751 3482249
1433780625 3482251
1433802553 3482243
1433821110 3485624
1433881730 3485624
1433887377 3485661
1433905254 3485661
1433948694 3485672
1433948736 3485672
1433959237 3485672
1433977032 3573911
1434008101 3574055
1434020852 3574053
1434038206 4370955
1434196164 4370955
1434390227 4370955
1434423929 4370982
1434496993 4370990
1434497117 4370990
1434501824 4370822
1434570484 4370837
1434588517 4370848
1434663436 4370848
1434760814 4370848
1435095638 4371202
1435168694 4437701
1435265476 4437697
1435271286 4437718
1435385756 4437727
1435442699 4437743
1435609460 4437895
1435688706 4437888
1435756400 4437888
1435799020 4435531
1435861398 4435353
1435892009 4435353
1435907235 4435353
1436196783 4435356
1436238569 4435373
1436253717 4435370
1436331801 4435372
1436392028 4435390
1436393786 4435390
1436422502 4435397
1436556125 4435415
1436903278 4435428
1436904080 4435346
1436913516 4450340
1436985458 4450483
1437002873 4450533
1437015022 4450534
1437096361 4450538
1437113457 4450538
1437113490 4450619
1437127678 4450816
1437287176 4450816
1437316249 4450816
1437317185 4450815
1437400469 4450827
1437409318 4450838
1437463497 4450881
1437501548 4450884
1437597470 4450897
1437599327 4450896
1437692873 4450083
1437757364 4453385
1437771533 4453384
1437771544 4453406
1437778345 4453650
1437798286 4453650
1437968961 4453650
1437975104 4453669
1438014208 4453677
1438033304 4453681
1438084349 4453693
1438101817 4453786
1438182613 4453954
1438231462 4453994
1438287322 4453994
1438287394 4456797
1438293052 4456818
1438321458 4456818
1438372085 4456899
1438377767 4456899
1438612767 4456899
1438626246 4456909
1438626277 4456909
1438629511 4456909
1438643698 4456909
1438658156 4456909
1438658457 4456909
1438663758 4456912
1438697889 4457031
1438702028 4457033
1438714864 4457196
1438717738 4457196
1438779209 4457196
1438779268 4457179
1438792208 4457183
1438792244 4457183
1438796717 4457182
1438814613 4457202
1438815787 4457202
1438819174 4457632
1438882833 4457632
1438883037 4457634
1438927605 4457634
1438979402 4457647
1438990042 4457644
1438990744 4457653
1438991325 4457654
1439019197 4457619
1439224340 4457618
1439230869 4457773
1439243726 4458173
1439298911 4458174
1439320026 4458134
1439336731 4458222
1439393671 4458330
1439423610 4458386
1439433869 4458388
1439477048 4458392
1439492453 4458470
1439492715 4458470
1439493228 4458532
1439511716 4458532
1439517793 4458573
1439567122 4458575
1439576453 4458575
1439577077 4458575
1439577336 4458575
1439591768 4458540
1439596327 4458538
1439604916 4458541
1439727491 4458542
1439727549 4458541
1439855705 4458409
1439898024 4458485
1439936887 4458485
1439938015 4458512
1439954776 4457793
1439961492 4457797
1440026497 4457796
1440026839 4457790
1440084011 4457790
1440124211 4457846
1440130737 4457881
1440197689 4457880
1440201438 4457872
1440230411 4459563
1440271649 4459562
1440445774 4459578
1440463643 4459574
1440464548 4459910
1440465536 4459936
1440536378 4460052
1440552844 4460468
1440596401 4460492
1440618335 4461432
1440626590 4461432
1440689956 4461475
1440697625 4461482
1440707525 4461225
1440711103 4463706
1440718975 4463706
1440726022 4462064
1440736140 4462070
1440790101 4462172
1441119281 4462170
1441132395 4462155
1441141821 4462167
1441152163 4462167
1441152207 4462171
1441161916 4462330
1441206411 4462335
1441206452 4462335
1441297460 4467238
1441308738 4467245
1441311458 4467241
1441314036 4467245
1441319181 4467247
1441368762 4467254
1441368823 4467254
1441385042 4472044
1441388799 4472044
1441390554 4472054
1441396374 4472131
1441497763 4472154
1441608726 4472162
1441646836 4472198
1441715199 4472216
1441716624 4472260
1441731430 4472255
1441748782 4472290
1441752177 4472296
1441759999 4472348
1441811626 4472348
1441866527 4472319
1441872252 4472401
1441930821 4472431
1441991724 4472467
1441994780 4472476
1442003273 4472476
1442003312 4472481
1442028272 4472481
1442047143 4472239
1442077966 4472240
1442098770 4472241
1442218809 4472243
1442225255 4472991
1442338233 4472994
1442341897 4472993
1442352098 4472994
1442354975 4473437
1442409233 4473526
1442419597 4473525
1442419668 4473525
1442419796 4473624
1442427473 4473669
1442430373 4473669
1442433963 4473674
1442457507 4473701
1442457752 4473703
1442501830 4473703
1442510396 4473709
1442522986 4473871
1442530533 4473887
1442533842 4473887
1442539100 4473887
1442539130 4473887
1442539223 4473887
1442540416 4474087
1442545787 4474122
1442591924 4474117
1442602466 4474176
1442602582 4474183
1442610276 4474203
1442623194 4474209
1442633573 4474660
1442864272 4474660
1442960148 4474684
1442971463 4477104
1442993973 4477105
1443046694 4477255
1443048119 4477255
1443072368 4477258
1443112673 4477259
1443118131 4477262
1443214805 4477264
1443222216 4477281
1443223404 4477599
1443230107 4477958
1443274949 4477954
1443290051 4477975
1443477286 4477979
1443480963 4477949
1443509913 4477951
1443644533 4477843
1443649712 4477835
1443650261 4477974
1443671988 4478024
1443672061 4478049
1443682241 4478644
1443689880 4478622
1443713772 4478626
1443714110 4478626
1443714429 4478642
1443736075 4478652
1443775073 4478652
1443806597 4478812
1443827869 4478814
1444070215 4478802
1444080114 4478684
1444084792 4478699
1444160329 4478698
1444171184 4478700
1444171208 4478697
1444200440 4478712
1444224374 4478711
1444232511 4478831
1444239594 4478831
1444245343 4478903
1444248806 4478905
1444254228 4479048
1444257591 4479102
1444257757 4479102
1444258022 4479105
1444271867 4479093
1444307496 4480101
1444311356 4480122
1444329330 4480127
1444332023 4480127
1444333721 4480128
1444336322 4480152
1444337182 4480166
1444342829 4480166
1444343109 4480166
1444349222 4480168
1444367818 4480168
1444393133 4480188
1444393260 4480188
1444421739 4480557
1444425085 4480608
1444441590 4480706
1444627718 4505751
1444659851 4505750
1444687931 4505875
1444690535 4505880
1444714041 4505886
1444748212 4505946
1444761243 4506010
1444770289 4506012
1444777979 4506033
1444781736 4506216
1444783683 4506215
1444840572 4506287
1444844831 4506396
1444861474 4506458
1444918918 4506453
1444920293 4506451
1444928173 4506744
1444930203 4506753
1444940668 4547388
1444943931 4547389
1444944269 4547389
1445013126 4547399
1445020899 4547401
1445028070 4547403
1445033000 4547404
1445036497 4552495
1445040690 4553485
1445242281 5813033
1445306015 5813108
1445307080 5812592
1445322223 5812438
1445357191 5812573
1445374974 5812572
1445375551 5812580
1445382856 5818364
1445386729 5818177
1445392953 5817478
1445407987 5814033
1445410681 5814035
1445438061 5814035
1445444398 5814041
1445457697 5814038
1445466409 5814071
1445467544 5814067
1445469996 5814119
1445478418 5814119
1445482857 5814467
1445483018 5814561
1445492612 5814642
1445528748 5814642
1445536984 5814528
1445545223 5814532
1445546871 5814630
1445553303 5814631
1445553461 5815282
1445557977 5815282
1445560968 5815286
1445562939 5815395
1445566637 5815395
1445571227 5815608
1445618855 5815610
1445640727 5815670
1445651968 5815677
1445675229 5815691
1445819343 5815904
1445819392 5815904
1445830238 5815904
1445833918 5815904
1445879718 5815926
1445961097 5815926
1445987409 5815959
1445993966 5816008
1446043574 5816009
1446078896 5816010
1446143830 5813120
1446144118 5813126
1446145946 5813132
1446154565 5813227
1446160420 5813230
1446162144 5813237
1446176419 5813237
1446178662 5813237
1446242911 5813242
1446245093 5813257
1446245269 5813257
1446245323 5813231
1446245388 5813237
1446247354 5813255
1446305142 5813256
1446305158 5813268
1446329317 5817428
1446353232 5817437
1446485578 5818401
1446491207 5818401
1446547143 5818080
1446547343 5818086
1446568392 5818091
1446577195 5818092
1446577333 5817998
1446587879 5818061
1446589738 5817812
1446600981 5817812
1446601043 5817813
1446609335 5817925
1446658601 5817929
1446680366 5817806
1446683726 5817806
1446705582 5815559
1446742397 5815565
1446745221 5815565
1446753530 5815566
1446760293 5815566
1446760698 5815566
1446762025 5815572
1446769425 5816893
1446769436 5816879
1446833382 5816886
1446838858 5817585
1446840128 5817588
1446843150 5817489
1446866414 5817487
1446867069 5817489
1447014556 5817486
1447014748 5817486
1447015115 5817368
1447038870 5817390
1447038890 5817390
1447085579 5817473
1447094697 5817493
1447168523 5817434
1447175865 5817434
1447178203 5817703
1447188983 5817703
1447203377 5817716
1447218671 5817718
1447259497 5817716
1447269484 5817716
1447282315 5817716
1447282329 5817744
1447284749 5817746
1447292482 5817761
1447302816 5817762
1447305530 5817870
1447338794 5817868
1447345899 5817905
1447346827 5817977
1447351411 5818258
1447361511 5818264
1447365294 5818264
1447371519 5818290
1447376177 5818403
1447376636 5818403
1447393448 5818723
1447421700 5818725
1447449566 5818727
1447518054 5818725
1447588056 5818725
1447696745 5818725
1447701875 5849516
1447707061 5849518
1447739721 5849533
1447780328 5849581
1447785513 5849794
1447788153 5849794
1447795545 5849794
1447798493 5849795
1447799062 5849795
1447799233 5849795
1447799281 5849880
1447799468 5849875
1447799567 5849875
1447799861 5849859
1447800175 5849859
1447805478 5849861
1447806312 5849863
1447860419 5854828
1447861940 5854828
1447865963 5854828
1447868882 5854911
1447879018 5855206
1447887979 5855210
1447894374 5855212
1447900124 5855150
1447909282 5855154
1447929385 5855154
1447965233 5855152
1447969581 5855154
1447969674 5844657
1447969721 5844657
1447972282 5844656
1447977856 5838740
1447994366 5838742
1447994464 5838720
1448032563 5838717
1448033109 5838926
1448040187 5838926
1448040444 5838926
1448040568 5838926
1448054069 5838901
1448055681 5838905
1448055715 5838930
1448056764 5838938
1448061552 5838938
1448062379 5838944
1448066054 5838946
1448071745 5838948
1448075379 5839023
1448144391 5839023
1448144545 5839023
1448147161 5839023
1448296516 5838629
1448296594 5838629
1448365215 5838629
1448365411 5838656
1448386602 5863828
1448389311 5863833
1448391702 5863833
1448392334 5863832
1448398927 5864178
1448403967 5864170
1448413519 5864282
1448417824 5864281
1448467753 5864281
1448476725 5864280
1448477613 6463529
1448488081 6463708
1448488869 6463733
1448490781 6463733
1448495613 6463735
1448498071 6463737
1448606215 6463771
1448697783 6463771
1448719145 6463764
1448904880 6463743
1448921606 6464147
1448983228 6464147
1449007642 6464167
1449053549 6464167
1449079658 6464172
1449086785 6464324
1449091541 6464324
1449091925 6464324
1449095901 6464324
1449105883 6465858
1449127222 6466176
1449160877 6466392
1449163945 6467742
1449173093 6467741
1449182087 6467770
1449182348 6467781
1449196574 6470737
1449208954 6470749
1449232036 6470793
1449239358 6470795
1449258308 6470796
1449265343 6470800
1449269887 6471832
1449276809 6471869
1449302513 6471877
1449337926 6471879
1449426100 6471858
1449451014 6472944
1449467822 6504299
1449498889 6504259
1449516991 6504526
1449533863 6504534
1449587621 6504612
1449601518 6628505
1449615193 6632121
1449616502 6654933
1449620089 6655154
1449629759 6663650
1449636406 6663641
1449639644 6663673
1449651381 6664394
1449651427 6665179
1449651475 6669007
1449661213 6665391
1449670605 6665407
1449713459 6665450
1449722136 6667374
1449760272 6667619
1449760317 6672685
1449761886 6672683
1449769042 6686234
1449774823 6720368
1449775150 6720388
1449786034 6731462
1449850428 6952902
1449852128 6952904
1449862065 6953078
1449877966 6953078
1449878654 6981265
1449884281 6981264
1449897632 6981266
1449944781 6990151
1449954252 6990156
1449966678 6990178
1449988824 6990173
1450024031 6990173
1450111586 7003039
1450138768 7003059
1450139088 7003065
1450140978 7002834
1450144238 7002881
1450158178 7003901
1450163869 7003904
1450184438 7003916
1450190627 7003915
1450190637 7004029
1450209540 7004113
1450210475 7004169
1450212137 7004179
1450223301 7004239
1450227642 7005289
1450279819 7027549
1450296696 7027617
1450299418 7027627
1450299444 7027627
1450305263 7027631
1450307240 7027631
1450309056 7027684
1450318643 7027684
1450318652 7027677
1450321281 7027644
1450331675 7027737
1450371253 7027734
1450380822 7027881
1450384324 7027881
1450398589 7027880
1450460749 7028394
1450460976 7028245
1450464121 7028245
1450465802 7028265
1450466879 7028247
1450468983 7028247
1450473636 7028247
1450474008 7028247
1450601391 7028247
1450720413 7028259
1450720733 7028259
1450720941 7028073
1450723722 7028073
1450758455 7028261
1450760412 7028315
1450807361 7028320
1450807659 7028326
1450821848 7028326
1450834804 7028321
1450873423 7028325
1450878467 7028220
1450902482 7028220
1450908259 7232304
1450916740 7232311
1450924124 7232324
1450964484 7233386
1450966555 7233386
1451003751 7233399
1451106069 7233400
1451413105 7233397
1451413323 7233399
1451424104 7233115
1451433122 7237505
1451446696 7195141
1451514922 7195190
1451522800 7195191
1451591733 7195230
1451597307 7195233
1451605297 7195296
1451605977 7195293
1451866241 7195339
1451866341 7195370
1451866391 7195372
1451866463 7195372
1451868872 7195368
1451881600 7195384
1451910343 7195384
1451928746 7195394
1451964451 7195397
1451964629 7195552
1451969834 7195603
1452004967 7195603
1452009756 7195576
1452010661 7195591
1452019957 7196232
1452020138 7196235
1452026413 7310282
1452043705 7310276
1452105162 7310277
1452130522 7310277
1452130846 7310281
1452131693 7302710
1452136047 7302711
1452149600 7302884
1452191837 7302890
1452204944 7302900
1452210043 7302322
1452210761 7302338
1452220085 7302343
1452220114 7302350
1452229771 7302358
1452229814 7302361
1452229872 7302361
1452266137 7302378
1452272939 7302385
1452276580 7302587
1452286344 7302811
1452291265 7302856
1452297861 7302845
1452303747 7302843
1452313869 7302849
1452413237 7302877
1452413725 7302507
1452456674 7302468
1452456958 7302475
1452477084 7302475
1452536055 7302543
1452542185 7302488
1452545920 7302475
1452548885 7302630
1452554102 7302635
1452554219 7302639
1452562645 7302648
1452569641 7302650
1452584627 7306634
1452584681 7308360
1452584711 7308690
1452613349 7308721
1452616917 7308727
1452620187 7308856
1452622507 7308852
1452628037 7308712
1452635800 7308791
1452639366 7308791
1452645956 7308788
1452647605 7310227
1452647694 7311483
1452652014 7311338
1452652534 7311461
1452659017 7311464
1452659427 7311468
1452659824 7311491
1452659978 7311659
1452662147 7311665
1452663966 7311594
1452706176 7311588
1452706187 7311591
1452706560 7311591
1452707032 7311591
1452715322 7311591
1452721189 7316115
1452726958 7316116
1452729383 7316116
1452729945 7316430
1452738443 7333852
1452738721 7333877
1452748140 7333887
1452749604 7333893
1452752823 7333938
1452761058 7334011
1452794027 7334052
1452808058 7334187
1452811550 7334192
1452812448 7334539
1452818072 7334546
1452818172 7334583
1452821766 7334585
1452822579 7334573
1452823155 7334614
1452827285 7335623
1452835755 7335640
1452849789 7335638
1452874716 7335648
1452880961 7335661
1452881407 7335669
1452887730 7335680
1452887793 7335688
1452888515 7335844
1452889749 7335844
1452890701 7335844
1452893817 7335846
1452901718 7338641
1452904163 7338649
1452907933 7338646
1452908854 7338738
1452913797 7338752
1452930661 7338752
1452935906 7338854
1452999379 7338852
1453082768 7338837
1453087107 7338842
1453132951 7338847
1453160961 7338873
1453170565 7338771
1453233014 7338773
1453238335 7338773
1453240813 7338889
1453247699 7338963
1453257679 7338990
1453261384 7339083
1453265021 7339084
1453266253 7339085
1453275404 7339083
1453301746 7339083
1453301772 7339083
1453309968 7339080
1453316808 7339087
1453317105 7339117
1453331509 7339117
1453332060 7339123
1453332597 7339137
1453354790 7339137
1453354808 7339052
1453355173 7339589
1453380754 7339596
1453396287 7339598
1453399654 7339622
1453404203 7339624
1453412799 7339626
1453413809 7339640
1453414016 7339640
1453415777 7339640
1453418099 7339673
1453418992 7339677
1453419017 7339679
1453420932 7339679
1453421922 7339743
1453424079 7340760
1453430827 7340760
1453441936 7340790
1453449300 7340818
1453451180 7340822
1453507819 7340824
1453508250 7340831
1453510387 7381977
1453512064 7382021
1453514153 7382249
1453526807 7382254
1453530129 7382254
1453530181 7382256
1453560201 7382256
1453560341 7382256
1453561848 7382256
1453562361 7382272
1453586185 7393165
1453589283 7393168
1453603848 7393170
1453654267 7393197
1453678789 7393197
1453691995 7393310
1453700635 7393197
1453719617 7393200
1453741602 7393186
1453742115 7393286
1453747953 7393284
1453750554 7393283
1453753908 7393282
1453757548 7393294
1453758244 7393295
1453764680 7393295
1453770210 7393296
1453792726 7393297
1453795640 7393358
1453826462 7393383
1453827309 7393349
1453828188 7393393
1453829256 7393385
1453835968 7392730
1453843580 7392735
1453844968 7392735
1453854654 7392747
1453854857 7392745
1453868478 7392765
1453882403 7392765
1453907479 7392762
1453935329 7392778
1453936778 7392424
1453939508 7392424
1453939521 7396079
1453960583 7396083
1453984636 7396083
1454003196 7396088
1454004636 7396087
1454019879 7396434
1454021382 7396446
1454021495 7396447
1454032782 7396607
1454040177 7396613
1454040259 7396613
1454040406 7396613
1454040446 7396608
1454040537 7396615
1454043945 7397068
1454083901 7397136
1454091617 7397136
1454101287 7397136
1454102848 7397136
1454103086 7397143
1454103252 7397143
1454108757 7397181
1454111185 7397185
1454114875 7397190
1454115216 7397190
1454115441 7397210
1454170336 7397152
1454182698 7397116
1454203797 7397116
1454218392 7397152
1454253750 7397146
1454254224 7397153
1454254267 7397160
1454278992 7397197
1454291356 7397199
1454291545 7397204
1454291566 7397204
1454303727 7397215
1454305364 7397215
1454320713 7397191
1454320782 7397191
1454344766 7397192
1454366933 7397191
1454372350 7397209
1454373828 7397198
1454374593 7397214
1454376028 7397212
1454391280 7397223
1454391468 7397222
1454391500 7397222
1454391635 7397226
1454402122 7397239
1454428570 7397466
1454431194 7397467
1454434594 7397360
1454435906 7397358
1454436274 7397360
1454442401 7397403
1454445551 7397447
1454448658 7397447
1454453700 7401222
1454458247 7401272
1454462007 7401271
1454471513 7401394
1454476643 7401386
1454518572 7401376
1454524493 7401402
1454531611 7401408
1454538239 7401408
1454543411 7401408
1454546879 7401409
1454547164 7401421
1454559198 7401425
1454564095 7401415
1454565065 7401415
1454633787 7401414
1454646505 7401412
1454647305 7401411
1454656740 7401314
1454656800 7401452
1454656897 7401469
1454657010 7401464
1454699245 7401515
1454700544 7401518
1454701608 7401519
1454706579 7401532
1454706607 7401546
1454706768 7401562
1454716765 7401552
1454717246 7401555
1454719129 7401563
1454722432 7401566
1454724503 7401474
1454725552 7401639
1454731607 7401640
1454756341 7401787
1454773509 7397329
1454777517 7397329
1454781791 7397312
1454782451 7397314
1454794652 7397314
1454805209 7397318
1454824355 7397327
1454824363 7397327
1454859638 7397334
1454860455 7397351
1454879954 7397351
1454915822 7397896
1454957427 7397915
1454960739 7397916
1454969592 7397933
1454974672 7397957
1454981759 7397968
1454983003 7397942
1454987232 7398136
1454987250 7398126
1454987810 7398090
1454990454 7398101
1454991803 7398110
1454999487 7398112
1455044351 7398112
1455044992 7398137
1455049489 7398137
1455057975 7398132
1455065637 7398266
1455067101 7398280
1455073610 7398280
1455121330 7398280
1455122599 7398302
1455127815 7398223
1455143845 7398523
1455158865 7398548
1455175774 7398549
1455177626 7398548
1455187685 7398560
1455208068 7398567
1455224713 7398576
1455232506 7398587
1455232517 7398615
1455233523 7398619
1455236565 7398645
1455238175 7398649
1455240675 7398669
1455248671 7398740
1455257321 7398725
1455284122 7398724
1455300486 7398729
1455301530 7398777
1455310262 7399042
1455317093 7399041
1455320859 7399154
1455334439 7395825
1455457175 7395828
1455459901 7395828
1455490141 7395823
1455530307 7395824
1455530674 7395823
1455530951 7395853
1455531667 7395862
1455557412 7395922
1455559021 7395923
1455638546 7395924
1455648271 7395938
1455656252 7395962
1455656939 7396427
1455663347 7399796
1455668287 7399824
1455669426 7399824
1455680204 7399826
1455714394 7399834
1455730669 7399846
1455730750 7399849
1455732257 7399850
1455734358 7399834
1455735679 7399844
1455738021 7399844
1455741429 7399893
1455744602 7399934
1455745126 7399937
1455753318 7399938
1455759212 7399938
1455768255 7399935
1455768367 7399965
1455787390 7399991
1455813795 7400021
1455818381 7400021
1455823879 7396668
1455826046 7396664
1455828189 7410282
1455828345 7410234
1455831249 7410250
1455852561 7410343
1455860000 7410347
1455868031 7410344
1455901724 7410336
1455905572 7410756
1455907456 7410791
1455911006 7410791
1455911849 7410824
1455917059 7410830
1455924242 7410837
1455925380 7410831
1455925439 7410746
1455927376 7410744
1455931911 7410744
1455939075 7412486
1455985666 7412503
1455985768 7412503
1455986078 7412512
1455997084 7412512
1455997167 7411950
1456005394 7412044
1456016502 7412064
1456021629 7412063
1456063914 7412068
1456064526 7412077
1456083462 7412256
1456108590 7412256
1456121954 7412257
1456144656 7412257
1456157448 7412257
1456162719 7412323
1456164606 7412319
1456166848 7412327
1456169831 7412411
1456170178 7412406
1456173372 7412420
1456175538 7412466
1456177140 7412473
1456177628 7412473
1456177647 7412474
1456193000 7412626
1456196664 7412627
1456197946 7412647
1456239543 7412649
1456239794 7412654
1456244511 7412736
1456334088 7412732
1456334581 7412745
1456339281 7413080
1456349448 7413082
1456358185 7413114
1456360195 7413106
1456361936 7413106
1456366511 7413109
1456369564 7413118
1456369579 7413119
1456373923 7413139
1456374537 7413138
1456380477 7413138
1456387165 7413224
1456410539 7413219
1456410551 7413220
1456420149 7413611
1456422059 7413625
1456430650 7417725
1456434463 7417831
1456444623 7419195
1456447301 7419197
1456450638 7419203
1456452425 7419191
1456457076 7419189
1456459454 7419189
1456459648 7418798
1456459765 7418805
1456482107 7418809
1456498555 7418807
1456500522 7418816
1456503041 7418882
1456511768 7418884
1456515837 7419188
1456516342 7419190
1456519052 7419314
1456532618 7419243
1456535161 7419243
1456538384 7419278
1456539731 7419279
1456543775 7419283
1456545514 7419279
1456588327 7419279
1456589381 7419278
1456590108 7419283
1456590350 7419370
1456590838 7442843
1456591111 7442842
1456607537 7442843
1456612491 7443001
1456616661 7443003
1456640266 7443000
1456676184 7443000
1456702816 7443070
1456703170 7443071
1456713799 7443072
1456717372 7443073
1456768645 7443076
1456770203 7443096
1456773689 7443093
1456774366 7443095
1456774395 7443118
1456779350 7443119
1456789690 7442320
1456789837 7442334
1456802488 7442334
1456810191 7442531
1456853754 7442530
1456858930 7442524
1456861341 7442528
1456868902 7442654
1456869523 7442653
1456870873 7442654
1456891372 7450412
1456919139 7450415
1456941579 7450391
1456942031 7450269
1456942474 7450285
1456943681 7450420
1456944507 7450422
1456947539 7450425
1456947828 7452067
1456952468 7452068
1456956591 7452383
1456962305 7452382
1456963750 7452383
1456966007 6062187
1456966097 6062192
1456966718 6062328
1456969822 6062319
1457027333 6062423
1457043129 6062425
1457046571 6062455
1457048969 6062458
1457051704 6062458
1457057096 6062458
1457111187 6062452
1457111302 6062492
1457112675 6062492
1457112806 6062496
1457112965 6062545
1457114212 6062589
1457119642 6062641
1457123226 6079382
1457123351 6079382
1457125849 6079390
1457126704 6079370
1457130795 6079370
1457131670 6079370
1457136334 6079462
1457136562 6079462
1457136977 6079473
1457137482 6079480
1457140232 6079543
1457141209 6079539
1457170263 6079539
1457187104 6079552
1457187381 6079546
1457194932 6079552
1457206310 6079557
1457233227 6079557
1457233870 6079557
1457234110 6079687
1457323252 6079681
1457375163 6079679
1457377195 6079987
1457398145 6079846
1457398656 6080268
1457398704 6080220
1457399399 6080212
1457403240 6080242
1457431085 6080244
1457431180 6080244
1457446493 6080304
1457457589 6080307
1457460791 6080323
1457462872 6080324
1457466396 6080243
1457470823 6080247
1457473333 6080239
1457480226 6080240
1457481794 6080240
1457486458 6080222
1457488154 6080226
1457488976 6080283
1457507763 6080315
1457518837 6080325
1457540798 6080325
1457545709 6080442
1457556772 6080464
1457559914 6081465
1457562759 6081474
1457564220 6080067
1457567840 6080069
1457570325 6080109
1457572992 6080118
1457574733 6091844
1457578642 6124398
1457622090 6124399
1457633625 6124854
1457636895 6124854
1457641958 6124856
1457648983 6124856
1457651134 6124855
1457651964 6124855
1457656948 6124854
1457661327 6124857
1457661696 6124841
1457661724 6124848
1457681478 6124966
1457719058 6124877
1457719383 6285004
1457723064 6285009
1457723689 6284986
1457730874 6284969
1457734153 6284969
1457738265 6284969
1457740016 6285114
1457743181 6278206
1457754567 6278214
1457756332 6278214
1457767584 6278208
1457849832 6278208
1457899806 6296395
1457902027 6296405
1457906150 6296403
1457973696 6296448
1457979687 6296455
1457985630 6296455
1457989540 6296455
1457992921 6296452
1457999365 6296450
1458001904 6296451
1458006837 6296475
1458011455 6295130
1458048934 6295125
1458049084 6295132
1458049116 6295142
1458051476 6295158
1458051965 6295168
1458058440 6295180
1458069449 6295179
1458070525 6295180
1458072593 6295290
1458074130 6295290
1458081020 6295290
1458086605 6295290
1458087135 6295290
1458090201 6295299
1458126865 6295294
1458126944 6295296
1458138638 6295305
1458144281 6295304
1458145769 6295758
1458154694 6295759
1458154929 6295783
1458159213 6295795
1458161542 6291832
1458163992 6291830
1458169179 6291847
1458178806 6291847
1458180153 6291861
1458195911 6291865
1458200781 6268561
1458226969 6268863
1458234518 6268864
1458234989 6268870
1458235492 6268870
1458235750 6268928
1458235911 6268935
1458237363 6269007
1458251922 6269042
1458254775 6269042
1458256486 6269040
1458257418 6269040
1458271047 6269041
1458271450 6269053
1458275829 6269023
1458299540 6269037
1458305086 6269067
1458312910 6269126
1458318143 6269147
1458322346 6269149
1458336690 6271917
1458340676 6271921
1458344131 6271921
1458354195 6272099
1458361321 6272099
1458430649 6272109
1458517176 6295231
1458572063 6295296
1458599052 6294668
1458599830 6294667
1458601903 6295459
1458606043 6295079
1458610507 6295096
1458612019 6295421
1458615422 6295501
1458616634 6294766
1458623711 6294766
1458626012 6295104
1458652871 6295109
1458677178 6295125
1458677549 6295125
1458680532 6294943
1458682098 6294993
1458685963 6293625
1458692084 6293627
1458696118 6293623
1458701799 6293628
1458702401 6293733
1458707561 6293732
1458730779 6291359
1458747453 6291400
1458751273 6291409
1458753195 6291403
1458763920 6292458
1458764811 6292472
1458768004 6292472
1458769846 6292474
1458776527 6292474
1458777443 6292535
1458778477 6292534
1458778838 6292599
1458786687 6290376
1458788898 6290353
1458829352 6290353
1458829369 6290358
1458829554 6290358
1458830796 6295452
1458836678 6295549
1458839953 6295557
1458843802 6300338
1458847096 6300324
1458852502 6300316
1458861933 6300361
1458874458 6300366
1458875724 6300374
1458876056 6300402
1458876070 6300402
1458876095 6299859
1458919693 6299970
1458924949 6299966
1458926066 6299988
1458943019 6299988
1458946194 6300115
1458946293 6300009
1458952490 6299990
1458954704 6299990
1458955366 6299891
1458965186 6299890
1458975655 6300133
1459009454 6300327
1459014004 6300337
1459175776 6300347
1459261556 6300343
1459269480 6300356
1459274862 6300350
1459277973 6300356
1459286082 6300342
1459297890 6300342
1459308457 6300342
1459321715 6300329
1459321826 6300329
1459353744 6300330
1459354254 6300331
1459358788 6300319
1459359211 6300336
1459360912 6300331
1459368929 6300346
1459373699 6300346
1459374880 6300346
1459393561 6300346
1459394671 6300386
1459395255 6300391
1459398662 6300374
1459405364 6300376
1459405469 6300376
1459405521 6300384
1459405718 6300385
1459405763 6300385
1459410295 6300560
1459430723 6300560
1459430768 6300560
1459439592 6300578
1459443406 6300582
1459446736 6300582
1459447023 6300734
1459448776 6300757
1459450353 6300781
1459453686 6300774
1459456507 6300782
1459457222 6300802
1459457512 6303351
1459459775 6303557
1459461421 6303557
1459484913 6303565
1459485078 6303565
1459486498 6303546
1459489889 6303546
1459522781 6303548
1459526050 6303605
1459539873 6303607
1459550309 6303607
1459568331 6303620
1459569165 6303744
1459658239 6303755
1459706311 6303752
1459752589 6303767
1459790797 6303793
1459792866 6304835
1459796220 6304834
1459806842 6305038
1459806860 6305159
1459812292 6306612
1459821781 6306654
1459825353 6306072
1459836837 6306072
1459838723 6306072
1459873781 6306073
1459876723 6306073
1459876766 6306075
1459877412 6306103
1459886947 6306243
1459895394 6306245
1459895752 6306245
1459908349 6306276
1459960103 6305962
1459966227 6305965
1459971929 6305999
1459973450 6306004
1459973643 6306004
1459975085 6306184
1459975533 6306196
1459976017 6306190
1459976099 6306189
1459976674 6306189
1459980268 6306194
1459985075 6306219
1459986777 6306227
1459997317 6306356
1459997429 6306372
1460001130 6306376
1460001705 6306375
1460003250 6306370
1460036752 6306402
1460050443 6306402
1460053154 6306429
1460060213 6306462
1460065204 6306275
1460065448 6306277
1460067720 6306286
1460069061 6306759
1460070467 6306759
1460070557 6306763
1460071415 6306933
1460072313 6306967
1460073801 6306967
1460086741 6306960
1460087764 6307016
1460092030 6306932
1460124063 6306932
1460128932 6306925
1460136523 6308470
1460137436 6308471
1460137834 6316719
1460148990 6316724
1460149429 6316725
1460154011 6316698
1460154449 6316705
1460159958 6317172
1460161448 6316762
1460167855 6316760
1460176420 6316760
1460182134 6316293
1460231057 6316286
1460250831 6316286
1460253078 6316286
1460264375 6316310
1460354434 6316314
1460354599 6316317
1460385861 6316511
1460386729 6316770
1460398295 6316779
1460402516 6316780
1460402545 6316804
1460402566 6316800
1460402582 6316800
1460402613 6316828
1460406105 6316828
1460412928 6316834
1460413335 6316834
1460413451 6316834
1460415529 6316719
1460418765 6316721
1460418944 6316784
1460419604 6316786
1460420369 6316800
1460434404 6316805
1460448903 6316808
1460467169 6316825
1460468523 6316830
1460482768 6316837
1460485540 6316838
1460488712 6316884
1460493130 6316890
1460501217 6316886
1460502881 6316776
1460505462 6316588
1460511531 6316677
1460521141 6317986
1460550434 6317503
1460568580 6318410
1460569238 6865694
1460572847 6865698
1460573020 6865698
1460582114 6865856
1460586265 6865856
1460587660 6865863
1460591031 6865876
1460643024 6865873
1460655869 6870281
1460656716 6870347
1460663821 6870417
1460666168 6870332
1460668701 6855913
1460674659 6856049
1460674753 6856040
1460693073 6856050
1460698620 6856051
1460698884 6856039
1460713624 6856042
1460724519 6856042
1460737225 6856042
1460739356 6856066
1460740327 6856066
1460743540 6856073
1460748957 6856083
1460755097 6856069
1460756019 6856084
1460757131 6856087
1460760307 6856085
1460762392 6856085
1460762433 6856145
1460764716 6856139
1460764900 6856145
1460768714 6856180
1460826336 6856180
1460995337 6856185
1460996999 6856402
1460999384 6857047
1461000475 6857069
1461002858 6857628
1461008187 6857665
1461008213 6857669
1461009990 6857669
1461018254 6857669
1461020324 6857672
1461029872 6857700
1461030033 6857698
1461040424 6857698
1461040660 6857420
1461040694 6857423
1461040727 6857424
1461040893 6857442
1461041456 6857442
1461041586 6857442
1461041670 6857442
1461043123 6857504
1461046862 6857532
1461095750 6857547
1461103924 6857533
1461116825 6857534
1461119952 6857605
1461122432 6857606
1461128306 6857607
1461130803 6857602
1461163485 6857602
1461167706 6857601
1461169065 6857627
1461169131 6857619
1461171497 6857619
1461172861 6857633
1461175479 6857633
1461176733 6857635
1461193458 6857766
1461198885 6857764
1461202084 6858240
1461218724 6858242
1461246575 6858242
1461249657 6858245
1461250052 6858245
1461253523 6858295
1461258070 6858295
1461259452 6858320
1461264532 6858317
1461270166 6858547
1461270441 6858547
1461274718 6858617
1461275248 6858614
1461275353 6858734
1461278141 6858738
1461279586 6858740
1461284061 6858719
1461286488 6858719
1461296146 6858715
1461296331 6858734
1461309865 6859471
1461316379 6859202
1461318465 6859183
1461318550 6859183
1461318727 6859183
1461339095 6859272
1461341632 6859272
1461345192 6859270
1461349906 6859305
1461355285 6859303
1461355558 6859353
1461356528 6859357
1461357596 6859368
1461359355 6859368
1461364198 6859371
1461381046 6859348
1461392919 6859342
1461415560 6859338
1461421257 6859389
1461441396 6859392
1461442340 6859462
1461453533 6859508
1461459050 6859507
1461462273 6859512
1461474658 6859512
1461517674 6859454
1461525627 6859588
1461557811 6859589
1461594422 6859593
1461603528 6859630
1461607419 6859630
1461607730 6859630
1461609778 6859631
1461610316 6859631
1461618020 6859638
1461618716 6859638
1461623026 6859638
1461627146 6859639
1461632945 6859671
1461677938 6859673
1461691042 6859648
1461694969 6859671
1461695188 6859675
1461695534 6859696
1461699946 6859709
1461704797 6859709
1461706094 6859716
1461708680 6859721
1461712038 6859781
1461715004 6859808
1461772539 6859850
1461772744 6859851
1461774894 6859933
1461775100 6859986
1461775116 6859986
1461776129 6859940
1461780602 6860395
1461782969 6860515
1461789214 6860515
1461796761 6860515
1461802003 6860911
1461802106 6860920
1461802199 6860922
1461803420 6861050
1461821911 6861052
1461842740 6869769
1461843347 6869775
1461843531 6869798
1461850027 6869801
1461860749 6886004
1461860915 6886005
1461867046 6886005
1461875407 6885960
1461875477 6885930
1461875536 6885931
1461878342 6886005
1461889171 6886037
1461898654 6886037
1461906919 6886037
1461910076 6886170
1461922115 6886180
1461948406 6886180
1461952881 6886199
1461952917 6886201
1461959220 6886194
1461960708 6886192
1461965267 6886192
1461965583 6886198
1461965620 6886226
1461965719 6886226
1461968793 6886803
1461979130 6886810
1461979449 6886824
1461984377 6886825
1462024974 6887128
1462042555 6887205
1462090542 6887628
1462154990 6887633
1462164249 6887634
1462164584 6887642
1462174977 6887649
1462205176 6887836
1462206729 6887836
1462208013 6887844
1462208781 6887871
1462209983 6887912
1462211372 6888092
1462212317 6888096
1462215193 6887608
1462223068 6887608
1462223535 6887668
1462226455 6887668
1462237247 6887667
1462238623 6887673
1462244697 6887782
1462249331 6887783
1462262177 6887795
1462264960 6887810
1462287565 6887817
1462292247 6887824
1462292331 6887829
1462313346 6910302
1462313393 6910302
1462315778 6910447
1462316950 6910463
1462320477 6910469
1462323553 6910585
1462326862 6910577
1462334285 6910577
1462335115 6910893
1462337114 6910897
1462339317 6910897
1462382012 6911025
1462382703 6911026
1462392410 6911029
1462393192 6911072
1462403732 6912256
1462403795 6912383
1462406952 6912837
1462408929 6912842
1462411537 6912842
1462413000 6912831
1462415408 6912997
1462424919 6913015
1462458521 6913009
1462464117 6913041
1462483097 6913062
1462498041 6913062
1462504033 6913101
1462504917 6913098
1462517953 6913097
1462560346 6913097
1462561752 6914871
1462564031 6914908
1462564084 6914908
1462567536 6914949
1462569470 6915051
1462569940 6915057
1462571485 6914966
1462571603 6914908
1462573323 6914925
1462575456 6914925
1462577006 6914925
1462577538 6914944
1462610879 6914678
1462630446 6914681
1462630495 6914681
1462630818 6914667
1462630897 6914812
1462634457 6914928
1462636327 6914931
1462652938 6914931
1462654271 6914930
1462681310 6914921
1462708970 6914924
1462731866 6914924
1462733114 6914942
1462756088 6914942
1462769045 6914793
1462776946 6914791
1462787170 6914793
1462800055 6914796
1462804596 6914807
1462814810 6915037
1462814924 6927296
1462820995 6927208
1462823451 6927201
1462825172 6927201
1462842269 6927182
1462842336 6927182
1462844012 6940278
1462853135 6940278
1462858400 6940292
1462861196 6940294
1462861249 6940312
1462885067 6940312
1462885855 6940351
1462886100 6942610
1462887257 6942610
1462891886 6942613
1462891925 6942613
1462901616 6943802
1462905365 6943802
1462913653 6943808
1462917104 6943783
1462925745 6943783
1462956276 6943792
1462965424 6943797
1462985866 6943803
1462986759 6943787
1462986786 6943744
1462987349 6943769
1462990867 6943762
1462991390 6943791
1462991944 6945195
1463001311 6945235
1463005417 6945243
1463019031 6945250
1463026907 6945250
1463027867 6945691
1463028331 6945681
1463068013 6945680
1463073896 6945696
1463074953 6945742
1463075990 6945741
1463082706 6945741
1463084260 6945749
1463090112 6946667
1463094447 6946667
1463096040 6946668
1463097618 6946668
1463099943 6946695
1463107703 6946732
1463110933 6946735
1463124880 6947175
1463146246 6947181
1463159303 6947226
1463165066 6947226
1463166163 6947227
1463169097 6947227
1463171029 6947238
1463172941 6947095
1463173376 6947109
1463174001 6947117
1463175927 6947025
1463182652 6947306
1463192678 6947301
1463192722 6947268
1463196954 6947847
1463203972 6946282
1463208000 6946334
1463272878 6946272
1463285716 6946278
1463286232 6946258
1463292592 6946270
1463295231 6946143
1463342226 6946149
1463370902 6946236
1463419482 6946262
1463422763 6946265
1463424756 6946256
1463428072 6946268
1463431326 6945304
1463436215 6945267
1463437727 6946048
1463441353 6946043
1463451933 6946042
1463463996 6946045
1463499135 6945836
1463499417 6945819
1463499745 6945815
1463499968 6945825
1463503290 6945942
1463505124 6945915
1463508987 6945883
1463511074 6945908
1463517332 6945913
1463517959 6949520
1463519265 6950073
1463523020 6950318
1463523668 6950328
1463527095 6950352
1463527296 6950355
1463528145 6950355
1463528255 6950352
1463529665 6950534
1463530335 6950529
1463530592 6950529
1463530687 6950491
1463530777 6950502
1463539463 6950513
1463547056 6950521
1463549785 6950521
1463550626 6950434
1463558350 6950520
1463563100 6950521
1463563170 6950527
1463564588 6950533
1463564684 6950539
1463564783 6950545
1463581163 6950547
1463586276 6950547
1463593287 6951265
1463599010 6951264
1463599986 6951264
1463602173 6951207
1463602228 6951201
1463603773 6951201
1463606274 6951201
1463606857 6951203
1463608265 6951215
1463613518 6949891
1463614812 6949925
1463621455 6949966
1463629010 6960172
1463633094 6960172
1463633242 6960172
1463640514 6960194
1463669738 6960197
1463675100 6960197
1463677990 6960345
1463678096 6960486
1463678237 6960437
1463687670 6960435
1463693949 6960435
1463693989 6960436
1463694522 6960426
1463696336 6960510
1463699319 6960519
1463699343 6960509
1463700102 6960603
1463702513 6960603
1463704390 6960660
1463710429 6960680
1463713303 6960691
1463713591 6960691
1463716448 6959671
1463717143 6959680
1463720229 6963258
1463726362 6964278
1463726375 6964279
1463726522 6964390
1463726613 6964391
1463726760 6964388
1463755068 6964388
1463755084 6964389
1463755187 6964390
1463756501 6964647
1463760290 6964647
1463762988 6964644
1463767046 6964656
1463773161 6964773
1463774278 6964871
1463775529 6964883
1463775979 6965077
1463777411 6963971
1463777438 6963991
1463780728 6963987
1463781264 6963990
1463783066 6963996
1463784678 6947396
1463785668 6947396
1463787225 6947399
1463788994 6947409
1463789073 6947414
1463935506 6947516
1463936835 6947569
1463960958 6947569
1463969127 6947591
1464013798 6947185
1464027755 6947202
1464036575 6947202
1464038422 6947204
1464047308 6947204
1464066154 6947888
1464075682 6947906
1464102562 6948081
1464109653 6948130
1464110505 6948136
1464118950 6948280
1464125137 6948412
1464125187 6948808
1464126229 6948811
1464127164 6948812
1464140710 6948815
1464142883 6948822
1464143031 6948822
1464153633 6948822
1464186177 6948822
1464193766 6948901
1464207905 6948901
1464214152 6949066
1464215537 6949069
1464216928 6949071
1464217646 6949071
1464225314 6949178
1464226491 6949170
1464232658 6949191
1464240582 6949191
1464250899 6949177
1464250939 6949177
1464276281 6949177
1464282709 6949225
1464284039 6949764
1464286492 6949775
1464290779 6949775
1464293423 6949778
1464294131 6949782
1464297412 6949889
1464306515 6949974
1464307713 6949974
1464316046 6949977
1464322148 6949977
1464327103 6950004
1464329206 6950005
1464338892 6950011
1464354978 6950011
1464367990 6950011
1464368614 6950013
1464369182 6950018
1464371145 6950018
1464372191 6950624
1464376771 6950632
1464380114 6950634
1464380132 6950634
1464387933 6950641
1464388527 6951156
1464391436 6951139
1464395623 6951143
1464397264 6951139
1464398392 6951135
1464404612 6951196
1464412091 6951206
1464414575 6950760
1464414756 6950761
1464425169 6950765
1464456862 6951141
1464464685 6951141
1464555173 6951141
1464590048 6951141
1464601549 6951145
1464602042 6951152
1464629414 6951157
1464629627 6951160
1464629770 6951160
1464666260 6951160
1464666348 6951175
1464666372 6951190
1464666481 6951170
1464704945 6951151
1464717263 6951117
1464724027 6951119
1464724682 6951961
1464727854 6951738
1464728864 6951755
1464729729 6952307
1464731091 6952307
1464733782 6952305
1464742954 6952307
1464753035 6952315
1464776395 6952315
1464776454 6952315
1464776530 6952315
1464793192 6952752
1464797710 6952778
1464798463 6952778
1464801874 6952755
1464807741 6952891
1464808772 6952906
1464809854 6952906
1464811545 6952920
1464812387 6952939
1464819097 6952939
1464819510 6953124
1464825528 6953117
1464826155 6953219
1464830244 6955013
1464831383 6955026
1464835793 6955040
1464875003 6955043
1464875833 6955098
1464881894 6955110
1464884467 6955110
1464892199 6955159
1464893203 6955379
1464894117 6955468
1464894613 6955468
1464896805 6955488
1464897839 6955508
1464907183 6955511
1464916985 6955597
1464918043 6955597
1464918211 6955640
1464929941 6955637
1464951436 6955639
1464963606 6955639
1464970155 6955636
1464970215 6956843
1464978594 6955890
1464979669 6955622
1464980528 6955636
1464980549 6955746
1464984827 6955746
1464988543 6955992
1464996637 6955992
1465005077 6956146
1465005209 6956146
1465014536 6956146
1465016389 6955064
1465016473 6955066
1465016685 6955073
1465016876 6955073
1465026375 6955079
1465028808 6955086
1465052825 6955095
1465138918 6955097
1465235398 6955097
1465242981 6954964
1465243414 6955098
1465244927 6955095
1465244994 6954814
1465250130 6955042
1465250509 6955042
1465252186 6955044
1465254847 6955055
1465266991 6954573
1465276536 6954598
1465278438 6954645
1465278770 6954645
1465306319 6954645
1465308635 6954646
1465315824 6954675
1465316758 6954792
1465316779 6954785
1465316799 6954797
1465317121 6954804
1465318749 6954931
1465320185 6954908
1465320496 6954909
1465320951 6954912
1465331178 6954916
1465335713 6954918
1465337740 6954918
1465339284 6954918
1465340434 6954930
1465340797 6954934
1465342417 6954961
1465350053 6954976
1465350088 6954976
1465350643 6954981
1465350660 6955139
1465357171 6955139
1465358423 6955169
1465363635 6955174
1465367293 6955236
1465370758 6955236
1465370807 6955239
1465394691 6955241
1465407177 6955241
1465407304 6955251
1465411143 6955251
1465416402 6955251
1465421971 6955251
1465423161 6955251
1465429140 6955239
1465429934 6955231
1465431039 6955233
1465434161 6955233
1465438002 6955235
1465438018 6956112
1465439132 6956097
1465444923 6956105
1465461618 6956100
1465464652 6956094
1465482650 6956096
1465491231 6956219
1465495017 6956226
1465505092 6956235
1465506274 6956223
1465506315 6956223
1465506626 6956104
1465507320 6956183
1465509833 6956184
1465516662 6956196
1465517114 6956250
1465517319 6956330
1465517518 6956182
1465517990 6956184
1465518668 6956182
1465525799 6956228
1465527334 6956253
1465528459 6956197
1465541123 6956197
1465575618 6943921
1465577880 6943987
1465582841 6943987
1465593212 6943987
1465593716 6943987
1465595064 6944007
1465596255 6944007
1465609411 6944021
1465622143 6944022
1465650382 6944032
1465650459 6944039
1465650476 6944039
1465651810 6944039
1465656543 6944046
1465668347 6944050
1465669383 6944054
1465673828 6944062
1465696768 6944067
1465696790 6944072
1465696854 6944084
1465705671 6944084
1465741102 6944094
1465782093 6944255
1465840862 6943740
1465843058 6943741
1465847175 6943739
1465848277 6943739
1465848490 6943740
1465849437 6943733
1465858082 6943753
1465859469 6943747
1465871633 6943730
1465906780 6943745
1465919320 6943745
1465923620 6943737
1465926542 6943737
1465929201 6943733
1465932105 6943718
1465934350 6943718
1465937787 6943722
1465939116 6943722
1465950792 6943727
1465951135 6943727
1466007810 6943878
1466012656 6943877
1466014382 6943885
1466018092 6943885
1466018112 6943914
1466026709 6943924
1466028237 6943930
1466029796 6943931
1466031262 6943874
1466031476 6943874
1466039401 6943939
1466056427 6954743
1466082908 6954752
1466096658 6954752
1466100496 6954753
1466105536 6954829
1466114719 6954817
1466120196 6954818
1466125511 6954818
1466144503 6954821
1466153724 6954821
1466153743 6954821
1466163367 6954821
1466166724 6954821
1466176185 6954826
1466182533 6954826
1466185404 6954536
1466199722 6954595
1466200975 6954607
1466206045 6954614
1466213406 6954385
1466214325 6954385
1466217515 6954485
1466221565 6954488
1466222603 6954490
1466354448 6954490
1466361426 6954488
1466375089 6954477
1466388115 6954782
1466416620 6954717
1466436928 6954717
1466443507 6954721
1466451267 6954721
1466459789 6954721
1466465714 6954729
1466465929 6954730
1466466432 6954730
1466471886 6954730
1466472376 6954730
1466473942 6954734
1466523969 6954728
1466530930 6954741
1466532647 6954732
1466534715 6954748
1466535065 6955087
1466539589 6955099
1466540523 6955099
1466542561 6955113
1466544349 6955113
1466548825 6955115
1466549358 6955124
1466549373 6955125
1466550365 6955206
1466568675 6955206
1466568752 6955219
1466598377 6955214
1466603888 6955214
1466608378 6955214
1466613085 6955216
1466614533 6955225
1466614611 6955224
1466617403 6955225
1466617606 6955225
1466619158 6955224
1466620029 6955244
1466624970 6955245
1466625752 6956729
1466626195 6956731
1466627713 6956761
1466628085 6956668
1466628209 6956668
1466637341 6956757
1466639389 6956779
1466640672 6956779
1466641652 6956797
1466646889 6956797
1466650149 6956797
1466653568 6956797
1466664041 6956837
1466665669 6956833
1466680426 6957011
1466691476 6957011
1466694321 6957014
1466694889 6957112
1466699000 6957127
1466702930 6957124
1466703338 6957126
1466703473 6957154
1466705203 6957154
1466710341 6957215
1466713086 6957215
1466715575 6957219
1466718284 6957219
1466724768 6957224
1466725143 6957225
1466729188 6957231
1466733647 6957276
1466734732 6957465
1466735975 6957467
1466738296 6957473
1466739302 6957476
1466772713 6957474
1466773015 6957517
1466773191 6957517
1466776532 6957517
1466792287 6957533
1466795147 6957684
1466798603 6957681
1466799911 6957695
1466805671 6957677
1466805970 6957681
1466810915 6957681
1466835483 6957682
1466835516 6957682
1466966040 6957682
1467004151 6957682
1467025924 6957682
1467046654 6957850
1467050443 6957850
1467068987 6957889
1467069194 6957921
1467089720 6957868
1467099849 6957874
1467108531 6957879
1467121229 6957879
1467140915 6957887
1467142444 6957886
1467145838 6957888
1467151473 6957896
1467153445 6957895
1467153707 6957909
1467154265 6957909
1467156859 6957909
1467158048 6957977
1467170693 6957994
1467207795 6940216
1467211957 6940224
1467213408 6940224
1467213926 6940264
1467214227 6940264
1467215467 6940278
1467215577 6940284
1467227527 6940297
1467228016 6940301
1467229806 6940305
1467233215 6940320
1467236682 6940320
1467256853 6940322
1467263166 6940322
1467301301 6940348
1467308425 6940421
1467322853 6940421
1467326986 6940409
1467329779 6940393
1467334044 6940419
1467337745 6940420
1467362480 6940420
1467393764 6940422
1467395346 6940468
1467401596 6940579
1467403870 6940614
1467416871 6940616
1467464804 6941120
1467475974 6941120
1467508291 6941091
1467576363 6941118
1467610752 6941118
1467626995 6941118
1467700426 6941118
1467712252 6941126
1467719943 6941126
1467736281 6941125
1467744569 6941152
1467750599 6941253
1467750808 6941258
1467755268 6941281
1467755911 6941426
1467758894 6941420
1467759348 6941575
1467814740 6941575
1467823812 6941774
1467830316 6941774
1467833567 6941776
1467838804 6941802
1467841317 6941802
1467855542 6941800
1467869734 6941809
1467869822 6941809
1467869873 6941809
1467869974 6941809
1467871439 6941806
1467888069 6941812
1467898997 6941812
1467906928 6941843
1467916503 6940679
1467926327 6940679
1467927694 6940679
1467930020 6940686
1467930724 6940682
1467933836 6940698
1467933994 6941140
1467934174 6941192
1467937600 6941020
1467999910 6941084
1468002890 6941117
1468002942 6941140
1468016139 6941155
1468020378 6941164
1468020651 6941168
1468020799 6941168
1468022160 6941194
1468030450 6941194
1468079234 6941265
1468240213 6941262
1468257603 6941713
1468258020 6941713
1468260656 6941726
1468274429 6941420
1468275063 6941420
1468309455 6941341
1468333910 6941363
1468343173 6941851
1468347296 6941905
1468347382 6941909
1468355213 6941929
1468357965 6941920
1468358906 6941926
1468368637 6941884
1468371682 6941882
1468372003 6941925
1468372133 6941925
1468432226 6941933
1468437696 6941933
1468440902 6941940
1468441833 6942006
1468447873 6941849
1468448066 6941867
1468449884 6941925
1468450298 6941965
1468450482 6941973
1468463200 6941973
1468464623 6942411
1468505690 6942410
1468521588 6942425
1468527644 6942426
1468537089 6942822
1468563087 6942815
1468601913 6942854
1468604802 6942902
1468612258 6942901
1468617329 6942904
1468620991 6942904
1468740272 6942904
1468819106 6942960
1468820655 6942960
1468823005 6942968
1468856977 6942968
1468868609 6942982
1468874538 6943143
1468876404 6943147
1468881616 6943147
1468898001 6943148
1468906262 6943103
1468933225 6943125
1468944840 6943125
1468948861 6943125
1468961561 6943131
1468971438 6943134
1468973161 6943162
1468973635 6943222
1468973886 6943174
1468986870 6943168
1468993606 6943140
1468996311 6943173
1468997385 6943164
1469000709 6943164
1469017268 6943383
1469033980 6943389
1469034257 6943389
1469035464 6943380
1469040232 6943380
1469041270 6943430
1469049842 6943430
1469051748 6943419
1469052898 6943717
1469057464 6943717
1469061446 6943746
1469074290 6943818
1469074754 6943881
1469082288 6943889
1469096610 6943894
1469099402 6940990
1469108493 6941526
1469113577 6941526
1469119314 6943925
1469119360 6943860
1469119930 6943864
1469120560 6944061
1469121438 6944059
1469125126 6944083
1469135534 6944083
1469139726 6944117
1469143472 6944117
1469145110 6944123
1469148396 6944123
1469181895 6944129
1469201365 6944136
1469228996 6944137
1469237014 6944137
1469240407 6944130
1469274410 6944130
1469279831 6944130
1469283202 6944132
1469283801 6943720
1469291974 6943736
1469306982 6943740
1469362131 6943740
1469368157 6943740
1469396346 6943740
1469419999 6944057
1469420373 6944057
1469452035 6944059
1469453009 6944059
1469453039 6944059
1469476157 6944059
1469484029 6944059
1469484405 6944056
1469504213 6944886
1469505587 6944890
1469506176 6944890
1469538538 6944890
1469538964 6944891
1469561920 6944910
1469573883 6945039
1469576970 6945097
1469580157 6945114
1469580844 6946011
1469624717 6946016
1469635515 6946025
1469638818 6946037
1469639579 6946039
1469649119 6946044
1469654162 6946045
1469654410 6946046
1469659423 6946104
1469665935 6946105
1469680176 6946105
1469690154 6947297
1469711611 6947298
1469735726 6947306
1469747118 6947310
1469750842 6947311
1469754040 6947444
1469758276 6947445
1469758473 6947471
1469759002 6947471
1469759876 6947586
1469775972 6947601
1469797264 6947601
1469811891 6947765
1469820870 6950147
1469824920 6950146
1469825804 6950146
1469826785 6950132
1469830960 6950413
1469892827 6950423
1470022686 6950313
1470062774 6950936
1470090983 6951116
1470092721 6951124
1470095041 6951238
1470097462 6952921
1470101625 6952922
1470102492 6952982
1470102550 6952982
1470102601 6952984
1470102795 6952987
1470114727 6952986
1470121361 6953014
1470162922 6953012
1470168823 6953012
1470170106 6953019
1470172463 6953019
1470172545 6953019
1470172637 6953019
1470186052 6953004
1470194119 6953111
1470202326 6953111
1470252724 6953117
1470253225 6953127
1470257426 6953119
1470261304 6953120
1470262222 6953122
1470272449 6953494
1470274815 6953524
1470285694 6953529
1470332285 6953591
1470335803 6953591
1470338273 6953608
1470340278 6953637
1470344410 6953660
1470344750 6953659
1470345260 6953659
1470346842 6953665
1470355455 6953703
1470357063 6953726
1470357707 6953729
1470363297 6954037
1470386324 6954279
1470394083 6954279
1470412769 6954281
1470415728 6954415
1470418622 6954418
1470420240 6954418
1470420285 6954424
1470422660 6954411
1470423193 6954431
1470427569 6954421
1470437322 6954436
1470449033 6954519
1470449219 6954609
1470449344 6954915
1470450830 6954915
1470505146 6954924
1470583252 6954924
1470583290 6954924
1470620154 6954939
1470683280 6954953
1470687492 6954958
1470692441 6954865
1470695855 6954945
1470696613 6954932
1470699550 6954933
1470700890 6954939
1470703814 6954945
1470725212 6954945
1470748871 6954945
1470773282 11522008
1470781545 11522388
1470809571 11522392
1470839525 11522392
1470842257 11522462
1470851329 11522462
1470854867 11522382
1470857073 11522447
1470861053 11522569
1470874591 11522584
1470904011 11522592
1470923018 11522592
1470932501 11522606
1470932821 11522606
1470937510 11522698
1470941987 11522698
1470942812 11522698
1470946360 11522699
1470947962 11524766
1470952118 11524659
1471014142 11524748
1471014168 11524750
1471031437 11524766
1471031664 11524766
1471037697 11524766
1471039090 11524779
1471039247 11524831
1471054269 11524831
1471068498 11524829
1471068559 11524849
1471071933 11524849
1471155357 11524843
1471280409 11524851
1471287160 11524899
1471307580 11524853
1471366589 11524853
1471370330 11543440
1471376558 11543513
1471394166 11543511
1471397594 11543520
1471398262 11543519
1471406610 11543519
1471415561 11543526
1471447766 11543526
1471456815 11543586
1471464342 11543595
1471487843 11543602
1471522329 11543615
1471532576 11543707
1471551469 11543715
1471552751 11543739
1471557832 11543739
1471557987 11543777
1471561769 11543785
1471564229 11543820
1471626887 11544344
1471628686 11544685
1471629595 11544687
1471638440 11544689
1471640875 11544705
1471645024 11544696
1471645703 11544702
1471648016 11545527
1471649959 11545527
1471652949 11545539
1471657633 11545570
1471676750 11545570
1471714888 11545567
1471751491 11581627
1471831219 11581697
1471874734 11581701
1471886975 11581709
1471896768 11581717
1471899691 11581549
1471906447 11581558
1471907775 11581558
1471907829 11582149
1471908343 11582150
1471910536 11582154
1471927469 11582152
1471927936 11582164
1471966111 11581938
1471966823 11582227
1471969962 11582239
1471970187 11582182
1471972734 11582189
1471982321 11582189
1471984470 11582190
1471988087 11582195
1471991680 11582175
1471992069 11582179
1471993848 11582188
1471994144 11582128
1472000009 11582124
1472006575 11582129
1472008582 11582129
1472008905 11582129
1472011176 11582159
1472013462 11582059
1472015927 11453862
1472020325 11453862
1472061268 11453703
1472061679 11453704
1472068499 11453702
1472068705 11453765
1472069586 11453768
1472069645 11453771
1472069705 11453771
1472076737 11453776
1472078060 11453893
1472079004 11453865
1472080223 11453864
1472080719 11453832
1472086722 11454015
1472101733 11454016
1472101846 11453996
1472124579 11454011
1472124741 11454009
1472143672 11454017
1472151251 11453987
1472158887 11453992
1472159497 11453987
1472162462 11453995
1472167331 11454007
1472174068 11454013
1472189629 11454025
1472240912 11454033
1472243407 11454041
1472246793 11454465
1472247795 11454693
1472248487 11455106
1472251729 11455250
1472254981 11455250
1472314528 11455244
1472314548 11455226
1472320224 11455230
1472481163 11455201
1472492399 11455202
1472493180 11455204
1472501841 11455399
1472502891 11455399
1472503481 11455400
1472507648 11455397
1472508618 11455397
1472509553 11455397
1472510489 11455410
1472511946 11455423
1472513739 11455428
1472514636 11455431
1472523833 11455439
1472524611 11455440
1472534274 11455474
1472571730 11455472
1472579882 11455472
1472579952 11455472
1472580703 11455474
1472581061 11455474
1472591885 11455473
1472592518 11455567
1472595875 11455568
1472597241 11455568
1472597254 11455569
1472597590 11455624
1472603330 11455582
1472606229 11455684
1472613323 11455676
1472615493 11455677
1472619284 11455677
1472620737 11486030
1472650734 11486140
1472662200 11486040
1472665508 11486042
1472666171 11486104
1472670088 11486102
1472671632 11486136
1472672197 11486351
1472673554 11486357
1472677455 11486340
1472678612 11486436
1472680027 11486437
1472682286 11486437
1472689300 11486190
1472693048 11486250
1472703356 11486274
1472739749 11486274
1472746286 11486274
1472752597 11486276
1472752624 11486308
1472761256 11486378
1472765062 11486384
1472765208 11486348
1472771469 11486360
1472779553 11486374
1472814041 11486377
1472840996 11486382
1472850058 11486458
1472856537 11486475
1472878603 11486619
1473032524 11488259
1473046468 11487963
1473102803 11487963
1473171671 11487965
1473171817 11487975
1473176619 11487976
1473176733 11487977
1473178873 11487978
1473180123 11487566
1473182011 11487565
1473182833 11487753
1473185682 11487835
1473190934 11487862
1473191672 11487862
1473207654 11487862
1473211191 11487862
1473227393 11487914
1473253293 11487914
1473256244 11487915
1473261901 11487921
1473262782 11487935
1473263509 11487943
1473263666 11487977
1473263706 11488099
1473279571 11488099
1473281495 11488112
1473282742 11488121
1473285399 11488128
1473298627 11488128
1473298665 11488121
1473311047 11488092
1473311065 11488096
1473318474 11488096
1473348047 11488100
1473352268 11488173
1473353041 11488189
1473357141 11488182
1473365181 11488501
1473366240 11488505
1473373727 11488630
1473377262 11488631
1473381958 11488635
1473388516 11488631
1473411465 11488633
1473438744 11488641
1473438759 11488643
1473441376 11488672
1473458288 11488673
1473458349 11488690
1473458549 11488701
1473463327 11488715
1473467239 11488743
1473704148 11488661
1473705766 11488674
1473712751 11488725
1473718619 11488724
1473719306 11488734
1473719789 11488738
1473726889 11488831
1473740339 11488964
1473741354 11488969
1473744407 11489010
1473763349 11489010
1473770907 11489022
1473778686 11489024
1473783933 11489031
1473784604 11489032
1473787513 11489053
1473789351 11489050
1473799011 11489029
1473801252 11489053
1473801492 11489053
1473806011 11489053
1473810435 11489064
1473840368 11489064
1473861339 11489050
1473864899 11489054
1473865168 11489056
1473876054 11489083
1473877201 11489083
1473881180 11489281
1473893158 11489279
1473896253 11489279
1473896441 11489451
1473900531 11489443
1473939461 11489458
1473950166 11489458
1473953863 11489460
1473961700 11489465
1473962907 11489478
1473969903 11489500
1473971533 11489519
1473979227 11489506
1473983786 11489506
1473987343 11489673
1473991890 11489632
1473995761 11489628
1474005545 11489751
1474056776 11489826
1474061892 11489829
1474064608 11490230
1474070743 11490231
1474178658 11490233
1474238193 11490178
1474247497 11490179
1474300962 11490183
1474308997 11490257
1474318619 11490259
1474325062 11490327
1474326844 11490400
1474336045 11490432
1474349749 11491265
1474384256 11491305
1474384991 11491329
1474394616 11491349
1474410153 11491351
1474414895 11491777
1474418963 11491797
1474423174 11491791
1474465688 11491795
1474465803 11491785
1474483965 11491785
1474487659 11491785
1474489761 11491789
1474490478 11554214
1474494993 11554214
1474495038 11554238
1474498919 11554238
1474504046 11554238
1474507729 11554220
1474522746 11554242
1474552009 11554314
1474552049 11554320
1474552398 11554323
1474557897 11554325
1474562489 11554335
1474564432 11554495
1474564635 11554540
1474565506 11554552
1474573600 11554626
1474575032 11554654
1474577473 11554811
1474577776 11554806
1474577801 11554807
1474577935 11554806
1474589354 11554859
1474590368 11554874
1474596623 11554909
1474640169 11554909
1474657668 11555003
1474657857 11555021
1474659216 11554831
1474674948 11554816
1474677583 11554842
1474678130 11554842
1474678305 11554740
1474773070 11554740
1474812220 11554895
1474812280 11554898
1474860731 11554968
1474887515 11554968
1474925032 11555267
1474930712 11555269
1474999633 11555269
1475010333 11555349
1475034333 11555371
1475034376 11555371
1475036974 11555319
1475085817 11555319
1475087728 11555319
1475090348 11555325
1475096151 11555343
1475103399 11555348
1475107083 11556300
1475107495 11556358
1475112573 11558456
1475122049 11558579
1475131820 11558581
1475135595 11558581
1475167844 11558581
1475192217 11556461
1475197212 11556644
1475198543 11556656
1475200246 11556738
1475210861 11556740
1475241696 11556740
1475256016 11556744
1475261218 11556744
1475261963 11556743
1475264811 11556745
1475276099 11556838
1475282504 11556936
1475294943 11556910
1475294969 11556914
1475295991 11556912
1475337649 11556912
1475343205 11557499
1475370159 11557500
1475370325 11557508
1475372128 11557497
1475432783 11557485
1475517845 11557492
1475517900 11557505
1475519959 11557505
1475524199 11557520
1475535486 11557541
1475542602 11557609
1475542828 11557611
1475558553 11557611
1475564226 11557595
1475564470 11557597
1475565415 11557597
1475570389 11557693
1475579834 11557735
1475588990 11557735
1475610254 11557731
1475611899 11557729
1475623567 11557748
1475624318 11557748
1475674412 11557745
1475674825 11557745
1475691092 11557745
1475708914 11557744
1475711089 11557817
1475759337 11557817
1475764242 11557817
1475782678 11557809
1475784903 11557809
1475799872 11557874
1475805070 11558125
1475824024 11562498
1475848605 11562512
1475852327 11562512
1475855194 11562513
1475857742 11562508
1475869576 11562490
1475870920 11562485
1475873848 11562485
1475878292 11562463
1475885586 11562463
1475906918 11562463
1475980068 11562463
1475989141 11562481
1475989160 11562604
1476027154 11562604
1476114881 11562630
1476117548 11562639
1476126103 11562640
1476134306 11562662
1476144038 11562898
1476144405 11562897
1476145267 11562954
1476150969 11562949
1476199562 11562931
1476202211 11563421
1476205358 11563419
1476210340 11563439
1476217723 11563439
1476219333 11563469
1476227104 11563469
1476229281 11563469
1476276808 11563449
1476285325 11563479
1476289795 11563919
1476292892 11564109
1476293649 11564089
1476293729 11564090
1476293866 11564103
1476299257 11564128
1476301032 11564128
1476303415 11564123
1476306141 11564130
1476306165 11564160
1476308317 11564179
1476308383 11564017
1476309951 11564043
1476312983 11564043
1476314584 11564049
1476315920 11564151
1476320153 11562089
1476322770 11562231
1476387523 11562232
1476389340 11562045
1476389412 11562118
1476391116 11562118
1476395750 11562152
1476397028 11562160
1476403173 11562160
1476417297 11562161
1476453720 11562166
1476454781 11562167
1476460455 11562167
1476460503 11562167
1476460525 11561916
1476464334 11561916
1476468089 11561916
1476468396 11561989
1476469249 11588052
1476469612 11562234
1476471302 11562232
1476471650 11562285
1476471729 11562289
1476474585 11562291
1476479108 11563480
1476489745 11563485
1476491613 11563488
1476497398 11563489
1476498338 11563496
1476508779 11563499
1476514335 11563504
1476525539 11563502
1476576861 11563509
1476582720 11563522
1476584875 11563522
1476632142 11563522
1476632248 11563530
1476671754 11563538
1476677038 11563536
1476677111 11563537
1476721014 11563517
1476723329 11563528
1476723397 11563528
1476733603 11563541
1476737395 11563483
1476742072 11563696
1476742206 11563696
1476743115 11563696
1476743794 11563803
1476744276 11563893
1476745010 11563899
1476748358 11563900
1476748535 11564361
1476755607 11564359
1476755619 11564837
1476756314 11564847
1476760709 11564851
1476762955 11564852
1476765645 11564895
1476766098 11564895
1476784613 11569317
1476811065 11569317
1476811105 11569318
1476820852 11569318
1476821313 11569458
1476821848 11569458
1476825076 11569458
1476840516 11569595
1476846014 11569722
1476854081 11569725
1476859409 11569817
1476866565 11569840
1476880067 11569843
1476894954 11569818
1476901060 11569820
1476901390 11569822
1476904521 11569804
1476905629 11569802
1476908094 11569861
1476908641 11570082
1476908680 11570048
1476911441 11570054
1476913137 11570261
1476918969 11570261
1476919700 11570270
1476923148 11570269
1476954255 11570267
1476984722 11570276
1476988234 11570276
1476989333 11570809
1477014458 11571059
1477021543 11571059
1477021823 11571260
1477025239 11571263
1477041458 11572003
1477084170 11572011
1477084758 11572086
1477089614 11572092
1477090236 11572097
1477093125 11572097
1477095769 11572071
1477095857 11572071
1477099261 11572089
1477099287 11572099
1477103785 11572184
1477104306 11572211
1477109109 11572211
1477112849 11572204
1477134797 11572205
1477137080 11572205
1477153106 11572219
1477153197 11572219
1477324465 11572219
1477335066 11571929
1477339099 11571927
1477341883 11571927
1477345872 11574192
1477347372 11574193
1477347783 11574218
1477353296 11574222
1477360753 11574222
1477368894 11574222
1477369289 11574290
1477411358 11574297
1477413135 11576112
1477414975 11576112
1477421874 11576122
1477423461 11576130
1477431784 11576202
1477432995 11576202
1477434983 11576284
1477436107 11576367
1477441756 11578439
1477456579 11576369
1477459931 11576476
1477460847 11576481
1477475184 11576947
1477496273 11578252
1477498546 11578252
1477501177 11578258
1477507961 11578258
1477514994 11578486
1477528426 11578498
1477529415 11578499
1477534523 11578601
1477536346 11578601
1477537061 11578599
1477556167 11578605
1477557442 11578622
1477586734 11578622
1477591864 11578649
1477591912 11578666
1477594516 11578681
1477598015 11578690
1477601286 11579125
1477611957 11579125
1477616610 11579125
1477621905 11579128
1477621975 11579128
1477622031 11579128
1477622082 11579128
1477625964 11579130
1477645775 11579127
1477665748 11578933
1477679534 11579244
1477680538 11579245
1477681016 11579271
1477686633 11579501
1477687442 11579509
1477690365 11577759
1477690705 11584661
1477699723 11584710
1477700021 11584716
1477703975 11584723
1477752078 11584665
1477763235 11584664
1477820089 11584672
1477891725 11584719
1477892758 11584733
1477911344 11584733
1477919010 11584701
1477933518 11584707
1477937266 11584721
1477939677 11586569
1477944386 11587637
1477950436 11587653
1477953209 11587653
1477953233 11587735
1477957592 11587679
1477957964 11587679
1477958630 11587679
1477977850 11587681
1477978197 11587776
1477978262 11587792
1477979818 11587794
1477979831 11587794
1477979845 11587794
1478006938 11587798
1478008074 11587797
1478009197 11587801
1478014921 11588029
1478015238 11588029
1478025267 11588076
1478031483 11588182
1478042270 11588378
1478051856 11588394
1478051927 11588396
1478051956 11588418
1478069584 11588448
1478093037 11588452
1478094943 11588452
1478095730 11588452
1478097453 11588455
1478098902 11588459
1478101566 11588686
1478105654 11588465
1478108561 11588465
1478121789 11588546
1478123064 11588546
1478125133 11588547
1478137129 11588547
1478139798 11588538
1478140426 11588523
1478141179 11588519
1478167596 11588519
1478193085 11588551
1478194197 11588552
1478194528 11588552
1478199077 11588690
1478199580 11588555
1478200190 11588658
1478205473 11588661
1478206705 11588776
1478214123 11588775
1478214140 11588778
1478216306 11588933
1478218324 11588705
1478221068 11588684
1478221109 11588685
1478226690 11588702
1478227404 11588706
1478230550 11588689
1478233681 11588687
1478233696 11588687
1478283655 11588684
1478286717 11588748
1478290517 11588746
1478296491 11588913
1478317387 11588913
1478318751 11584685
1478326215 11584726
1478370960 11584726
1478443293 11584714
1478537518 11584720
1478538934 11584805
1478541879 11584805
1478544924 11584909
1478546261 11584910
1478555272 11584914
1478561098 11584923
1478565726 11584918
1478622248 11585114
1478632601 11585114
1478638252 11585127
1478643194 11585165
1478647991 11585170
1478649011 11585176
1478662191 11585178
1478666321 11585207
1478711329 11585211
1478712679 11585207
1478715647 11585207
1478722506 11585205
1478726723 11585213
1478731791 11585310
1478732603 11585288
1478736400 11585288
1478741309 11585294
1478743275 11585294
1478749961 11585292
1478750004 11585300
1478750076 11585328
1478750233 11585328
1478750311 11585328
1478750422 11585346
1478750711 11585346
1478750880 11585349
1478750925 11585351
1478764377 11585351
1478789913 11585351
1478790204 11585344
1478814389 11585356
1478817355 11585356
1478818352 11585380
1478821451 11585438
1478825908 11585248
1478828942 11585248
1478859931 11585422
1478892245 11585574
1478893065 11585738
1478901131 11585739
1478902840 11585739
1478908007 11585740
1478912077 11585739
1478922744 11585765
1478960373 11585780
1478996414 11585675
1479058498 11585903
1479075314 11585925
1479100867 11585931
1479147448 11586016
1479150456 11586032
1479157852 11586140
1479159651 11586140
1479159846 11586140
1479165334 11586299
1479165474 11586300
1479167275 11586299
1479221342 11586303
1479221753 11586320
1479225596 11586268
1479233411 11586579
1479240013 11586580
1479242650 11586580
1479244121 11586611
1479248573 11586621
1479252305 11586607
1479252352 11586820
1479258010 11586968
1479260136 11587435
1479317697 11588508
1479318503 11588508
1479329745 11588506
1479329753 11588515
1479330802 11588514
1479339776 11588516
1479340797 11588516
1479344925 11588571
1479356472 11588573
1479400581 11588552
1479403629 11588552
1479406751 11588553
1479408726 11588499
1479419503 11586028
1479439452 11586023
1479440383 11586015
1479443870 11586059
1479467469 11586077
1479478752 11586078
1479484932 11586080
1479494806 11586212
1479497047 11586238
1479502658 11586272
1479502981 11581103
1479503969 11581207
1479504511 11581207
1479579861 11581226
1479627471 11581231
1479694030 11581657
1479694125 11582029
1479741765 11580009
1479744556 11579289
1479754085 11579304
1479761686 11579264
1479771968 11579509
1479773362 11579529
1479774217 11579617
1479775684 11579618
1479776039 11579624
1479819326 11580022
1479828753 11580210
1479831444 11580307
1479832692 11580327
1479836113 11580334
1479836168 11580232
1479836624 11580317
1479843773 11580307
1479855890 11580325
1479857039 11580328
1479857060 11580328
1479866679 11580328
1479870853 11580330
1479893906 11580330
1479893973 11580330
1479895824 11580330
1479895938 11580330
1479896099 11580330
1479896225 11580340
1479896323 11580353
1479923182 11580353
1479926206 11580318
1479927311 11580356
1479937150 11580361
1479937942 11580859
1479938645 11580861
1479939366 11580846
1479943528 11580904
1479944886 11580902
1479947072 11581311
1479964729 11581314
1479980580 11581348
1479982062 11581352
1480066465 11581354
1480086436 11581354
1480086459 11581353
1480102095 11581355
1480221243 11581361
1480221725 11581364
1480309041 11581572
1480333116 11581575
1480341745 11581575
1480341809 11581575
1480362498 11581491
1480372599 11581491
1480374614 11581495
1480381084 11581495
1480384857 11581531
1480418062 11581531
1480418691 11581531
1480424287 11581531
1480428722 11581531
1480439176 11581543
1480439440 11581525
1480442975 11581559
1480442994 11581561
1480444751 11581578
1480450370 11581744
1480456189 11581744
1480465462 11581701
1480474533 11581701
1480474647 11581701
1480474826 11581701
1480475299 11581701
1480477809 11581784
1480491704 11581784
1480491745 11581784
1480491851 11581786
1480491921 11581958
1480515664 11581958
1480515809 11581958
1480534391 11581958
1480534761 11581958
1480534793 11582273
1480534817 11582273
1480534870 11582273
1480534951 11582273
1480535117 11582283
1480536373 11582283
1480536436 11582283
1480536500 11582283
1480536576 11582285
1480537176 11582285
1480537438 11582285
1480541502 11582250
1480549195 11582249
1480553244 11582333
1480555005 11582711
1480559168 11582711
1480571555 11582725
1480578712 11582728
1480578749 11582142
1480584272 11582147
1480589545 11582147
1480589827 11582147
1480593203 11582195
1480619095 11582209
1480640118 11582209
1480640266 11582211
1480640317 11582218
1480640489 11582228
1480646932 11582231
1480654451 11582235
1480676815 11582258
1480677264 11582258
1480910541 11582257
1480922141 11582245
1480922381 11582247
1480922530 11582247
1480923352 11582247
1480923437 11582249
1480923938 11582249
1480924945 11582249
1480925081 11582258
1480940432 11582263
1480964140 11582264
1480968409 11582273
1480968513 11582283
1480969253 11582293
1480969796 11582293
1480970460 11582294
1480971429 11582316
1480977207 11582477
1480977771 11582604
1480982081 11582604
1480982091 11582606
1480982300 11582610
1480983162 11582645
1480984117 11582733
1480984661 11582746
1480984673 11582764
1480986117 11582796
1480987193 11582796
1480989418 11582802
1480989472 11582810
1480989512 11582810
1481010159 11582810
1481016134 11582814
1481016150 11582815
1481035335 11582822
1481035364 11582822
1481044446 11582837
1481048260 11582837
1481051550 11583267
1481059832 11583286
1481063469 11583306
1481072510 11583329
1481073441 11583330
1481082104 11583335
1481082377 11584392
1481087678 11584400
1481092627 11584399
1481104494 11584401
1481105240 11584405
1481129310 11584407
1481134664 11584410
1481135946 11584427
1481138910 11584698
1481145215 11584130
1481152569 11584127
1481152617 11584154
1481155977 11584154
1481160338 11584153
1481160571 11576581
1481208039 11576580
1481215200 11576581
1481231438 11576581
1481232088 11576577
1481232103 11576577
1481241079 11576413
1481243288 11576410
1481243444 11576407
1481243576 11576383
1481243968 11576389
1481244180 11576409
1481244225 11576395
1481244260 11576392
1481244383 11576392
1481245034 11576391
1481245331 11576435
1481245387 11576483
1481245788 11576480
1481248618 11576493
1481261940 11567088
1481275756 11567089
1481277001 11567095
1481286126 11567095
1481286423 11567139
1481300671 11567140
1481304039 11567281
1481305043 11567227
1481306641 11567278
1481311830 11567279
1481312024 11567280
1481319736 11562142
1481326930 11562140
1481334068 11562130
1481346665 11562195
1481346680 11556409
1481350556 11556393
1481350635 11556393
1481351274 11556394
1481358680 11556421
1481376929 11556421
1481385799 11556421
1481393464 11556398
1481421006 11556566
1481540115 11556566
1481545669 11556570
1481563858 11556625
1481568853 11556715
1481571790 11556717
1481577962 11556718
1481578603 11556714
1481579405 11556714
1481584949 11556744
1481586229 11556955
1481589034 11556971
1481597298 11557037
1481631595 11556901
1481633488 11556786
1481646956 11557067
1481649117 11557070
1481657942 11557157
1481664856 11557173
1481668823 11555936
1481672166 11556717
1481673542 11556783
1481676400 11556795
1481678774 11556789
1481681721 11556821
1481682329 11556925
1481682392 11556938
1481711372 11556990
1481711721 11556994
1481738633 11557006
1481743277 11557045
1481744291 11557127
1481751120 11557127
1481760886 11557286
1481764160 11557310
1481778508 11557310
1481816222 11557312
1481819937 11557449
1481820443 11557351
1481828539 11557581
1481837786 11557581
1481840808 11557115
1481844254 11557144
1481893525 11557304
1481911486 11557304
1481913105 11557306
1481915176 11557377
1481922401 11557382
1481924748 11557367
1481925153 11557367
1481938429 11557590
1482047069 11557590
1482101316 11555871
1482114725 11555874
1482141817 11556037
1482145439 11556057
1482168998 11556056
1482175045 11556056
1482176366 11556125
1482178533 11556183
1482216831 11556211
1482226312 11556318
1482227318 11556319
1482248773 11556319
1482267704 11556318
1482271020 11556318
1482334971 11555899
1482335613 11555899
1482345014 11555924
1482348459 11555924
1482353374 11555995
1482370479 11556058
1482379717 11554159
1482390098 11558131
1482430994 11558431
1482432759 11559991
1482433552 11559991
1482499112 11560006
1482500488 11558378
1482517192 11558335
1482652424 11558069
1482780324 11551665
1482865419 11551665
1482895987 11551669
1482896137 11551759
1482939184 11551759
1482941465 11551772
1482942781 11551772
1482965321 11551772
1482965490 11551772
1482973321 11552136
1483220603 11552131
1483233917 11547840
1483320727 11547379
1483321239 11542398
1483331145 11542290
1483369180 11542283
1483396662 11542285
1483404622 11542285
1483418464 11542288
1483452826 11542275
1483459815 11542275
1483470903 11542275
1483473646 11542261
1483479009 11542266
1483480286 11542266
1483480958 11542224
1483481279 11542228
1483481930 11542228
1483482991 11542314
1483484701 11542293
1483490639 11542293
1483495757 11542303
1483524613 11542337
1483538784 11542434
1483544909 11542434
1483550294 11541944
1483557680 11542442
1483558331 11542440
1483563943 11542614
1483569405 11542837
1483572613 11542946
1483573018 11543080
1483576495 11543082
1483580245 11543078
1483608589 11543088
1483619564 11543118
1483635154 11543118
1483638959 11543118
1483642790 11542620
1483652599 11542889
1483660678 11542883
1483661749 11542870
1483728992 11542870
1483730502 11537613
1483730789 11537613
1483733778 11537613
1483738929 11537611
1483743632 11537627
1483747488 11537393
1483747631 11537234
1483748471 11537355
